comments{
}
info{
rowcount:22
colcount:22
camerapos:Translation: X=3300.000 Y=3300.000 Z=0.000 Rotation: P=44.999989 Y=-89.999992 R=0.000002 Scale X=1.000 Y=1.000 Z=1.000
biome:rock
creator:pepijn
spiderrate:3
spidermin:2
spidermax:4
version:2023-08-14-1
opencaves:8,13/
levelname:Ready to Return
}
tiles{
38,38,38,38,38,38,38,38,38,38,38,38,38,38,38,38,38,38,38,38,38,38,
38,38,38,38,38,38,38,38,38,38,38,38,38,38,38,38,38,38,38,38,38,38,
38,38,38,38,38,38,38,38,38,38,38,38,38,38,38,38,38,38,38,38,38,38,
38,38,38,38,38,38,38,38,38,38,38,38,38,38,38,38,38,38,38,38,38,38,
38,38,38,38,38,38,38,38,38,38,38,38,38,38,38,38,38,38,38,38,38,38,
38,38,38,38,38,38,38,38,38,38,38,38,38,38,38,38,38,38,38,38,38,38,
38,38,38,38,38,38,38,38,38,38,38,38,38,38,38,38,38,38,38,38,38,38,
38,38,38,38,38,38,38,38,38,38,38,38,38,11,11,11,11,38,38,38,38,38,
38,38,38,38,38,38,38,38,38,38,38,38,38,11,50,50,11,38,38,38,38,38,
38,38,38,38,38,101,101,101,38,38,1,1,1,11,50,50,11,14,24,14,14,38,
38,38,38,38,38,101,101,101,101,34,1,1,1,11,11,11,11,14,24,14,14,38,
38,38,38,38,38,101,101,101,38,38,1,1,1,11,11,11,11,24,24,24,14,38,
38,38,38,38,38,101,101,101,38,38,1,1,1,11,50,50,11,14,14,14,14,38,
38,38,38,38,38,38,38,38,38,38,38,38,38,11,50,50,11,38,38,38,38,38,
38,38,38,38,38,38,38,38,38,38,38,38,38,11,11,11,11,38,38,38,38,38,
38,38,38,38,38,38,38,38,38,38,38,38,38,38,38,38,38,38,38,38,38,38,
38,38,38,38,38,38,38,38,38,38,38,38,38,38,38,38,38,38,38,38,38,38,
38,38,38,38,38,38,38,38,38,38,38,38,38,38,38,38,38,38,38,38,38,38,
38,38,38,38,38,38,38,38,38,38,38,38,38,38,38,38,38,38,38,38,38,38,
38,38,38,38,38,38,38,38,38,38,38,38,38,38,38,38,38,38,38,38,38,38,
38,38,38,38,38,38,38,38,38,38,38,38,38,38,38,38,38,38,38,38,38,38,
38,38,38,38,38,38,38,38,38,38,38,38,38,38,38,38,38,38,38,38,38,38,
}
height{
0,0,0,0,0,0,0,0,0,0,0,0,0,0,0,0,0,0,0,0,0,0,0,
0,0,0,0,0,0,0,0,0,0,0,0,0,0,0,0,0,0,0,0,0,0,0,
0,0,0,0,0,0,0,0,0,0,0,0,0,0,0,0,0,0,0,0,0,0,0,
0,0,0,0,0,0,0,0,0,0,0,0,0,0,0,0,0,0,0,0,0,0,0,
0,0,0,0,0,0,0,0,0,0,0,0,0,0,0,0,0,0,0,0,0,0,0,
0,0,0,0,0,0,0,0,0,0,0,0,0,0,0,0,0,0,0,0,0,0,0,
0,0,0,0,0,0,0,0,0,0,0,0,0,0,0,0,0,0,0,0,0,0,0,
0,0,0,0,0,0,0,0,0,0,0,0,0,0,0,0,0,0,0,0,0,0,0,
0,0,0,0,0,0,0,0,0,0,0,0,0,0,0,0,0,0,0,0,0,0,0,
0,0,0,0,0,0,0,0,0,0,0,0,0,0,0,0,0,0,0,0,0,0,0,
0,0,0,0,0,0,0,0,0,0,0,0,0,0,0,0,0,0,0,0,0,0,0,
0,0,0,0,0,0,0,0,0,0,0,0,0,0,0,0,0,0,0,0,0,0,0,
0,0,0,0,0,0,0,0,0,0,0,0,0,0,0,0,0,0,0,0,0,0,0,
0,0,0,0,0,0,0,0,0,0,0,0,0,0,0,0,0,0,0,0,0,0,0,
0,0,0,0,0,0,0,0,0,0,0,0,0,0,0,0,0,0,0,0,0,0,0,
0,0,0,0,0,0,0,0,0,0,0,0,0,0,0,0,0,0,0,0,0,0,0,
0,0,0,0,0,0,0,0,0,0,0,0,0,0,0,0,0,0,0,0,0,0,0,
0,0,0,0,0,0,0,0,0,0,0,0,0,0,0,0,0,0,0,0,0,0,0,
0,0,0,0,0,0,0,0,0,0,0,0,0,0,0,0,0,0,0,0,0,0,0,
0,0,0,0,0,0,0,0,0,0,0,0,0,0,0,0,0,0,0,0,0,0,0,
0,0,0,0,0,0,0,0,0,0,0,0,0,0,0,0,0,0,0,0,0,0,0,
0,0,0,0,0,0,0,0,0,0,0,0,0,0,0,0,0,0,0,0,0,0,0,
0,0,0,0,0,0,0,0,0,0,0,0,0,0,0,0,0,0,0,0,0,0,0,
}
resources{
crystals:
0,0,0,0,0,0,0,0,0,0,0,0,0,0,0,0,0,0,0,0,0,0,
0,0,0,0,0,0,0,0,0,0,0,0,0,0,0,0,0,0,0,0,0,0,
0,0,0,0,0,0,0,0,0,0,0,0,0,0,0,0,0,0,0,0,0,0,
0,0,0,0,0,0,0,0,0,0,0,0,0,0,0,0,0,0,0,0,0,0,
0,0,0,0,0,0,0,0,0,0,0,0,0,0,0,0,0,0,0,0,0,0,
0,0,0,0,0,0,0,0,0,0,0,0,0,0,0,0,0,0,0,0,0,0,
0,0,0,0,0,0,0,0,0,0,0,0,0,0,0,0,0,0,0,0,0,0,
0,0,0,0,0,0,0,0,0,0,0,0,0,0,0,0,0,0,0,0,0,0,
0,0,0,0,0,0,0,0,0,0,0,0,0,0,0,0,0,0,0,0,0,0,
0,0,0,0,0,0,0,0,0,0,0,0,0,0,0,0,0,0,0,0,0,0,
0,0,0,0,0,1,0,0,0,0,0,0,0,0,0,0,0,0,0,0,0,0,
0,0,0,0,0,0,0,0,0,0,1,0,0,0,0,0,0,0,0,0,0,0,
0,0,0,0,0,0,0,0,0,0,0,0,0,0,0,0,0,0,0,0,0,0,
0,0,0,0,0,0,0,0,0,0,0,0,0,0,0,0,0,0,0,0,0,0,
0,0,0,0,0,0,0,0,0,0,0,0,0,0,0,0,0,0,0,0,0,0,
0,0,0,0,0,0,0,0,0,0,0,0,0,0,0,0,0,0,0,0,0,0,
0,0,0,0,0,0,0,0,0,0,0,0,0,0,0,0,0,0,0,0,0,0,
0,0,0,0,0,0,0,0,0,0,0,0,0,0,0,0,0,0,0,0,0,0,
0,0,0,0,0,0,0,0,0,0,0,0,0,0,0,0,0,0,0,0,0,0,
0,0,0,0,0,0,0,0,0,0,0,0,0,0,0,0,0,0,0,0,0,0,
0,0,0,0,0,0,0,0,0,0,0,0,0,0,0,0,0,0,0,0,0,0,
0,0,0,0,0,0,0,0,0,0,0,0,0,0,0,0,0,0,0,0,0,0,
ore:
0,0,0,0,0,0,0,0,0,0,0,0,0,0,0,0,0,0,0,0,0,0,
0,0,0,0,0,0,0,0,0,0,0,0,0,0,0,0,0,0,0,0,0,0,
0,0,0,0,0,0,0,0,0,0,0,0,0,0,0,0,0,0,0,0,0,0,
0,0,0,0,0,0,0,0,0,0,0,0,0,0,0,0,0,0,0,0,0,0,
0,0,0,0,0,0,0,0,0,0,0,0,0,0,0,0,0,0,0,0,0,0,
0,0,0,0,0,0,0,0,0,0,0,0,0,0,0,0,0,0,0,0,0,0,
0,0,0,0,0,0,0,0,0,0,0,0,0,0,0,0,0,0,0,0,0,0,
0,0,0,0,0,0,0,0,0,0,0,0,0,0,0,0,0,0,0,0,0,0,
0,0,0,0,0,0,0,0,0,0,0,0,0,0,0,0,0,0,0,0,0,0,
0,0,0,0,0,0,0,0,0,0,0,0,0,0,0,0,0,0,0,0,0,0,
0,0,0,0,0,0,0,0,0,0,0,0,0,0,0,0,0,0,0,0,0,0,
0,0,0,0,0,0,0,0,0,0,0,0,0,0,0,0,0,0,0,0,0,0,
0,0,0,0,0,0,0,0,0,0,0,0,0,0,0,0,0,0,0,0,0,0,
0,0,0,0,0,0,0,0,0,0,0,0,0,0,0,0,0,0,0,0,0,0,
0,0,0,0,0,0,0,0,0,0,0,0,0,0,0,0,0,0,0,0,0,0,
0,0,0,0,0,0,0,0,0,0,0,0,0,0,0,0,0,0,0,0,0,0,
0,0,0,0,0,0,0,0,0,0,0,0,0,0,0,0,0,0,0,0,0,0,
0,0,0,0,0,0,0,0,0,0,0,0,0,0,0,0,0,0,0,0,0,0,
0,0,0,0,0,0,0,0,0,0,0,0,0,0,0,0,0,0,0,0,0,0,
0,0,0,0,0,0,0,0,0,0,0,0,0,0,0,0,0,0,0,0,0,0,
0,0,0,0,0,0,0,0,0,0,0,0,0,0,0,0,0,0,0,0,0,0,
0,0,0,0,0,0,0,0,0,0,0,0,0,0,0,0,0,0,0,0,0,0,
}
objectives{
}
buildings{
BuildingToolStore_C,Translation: X=6150.000 Y=2850.000 Z=0.000 Rotation: P=0.000000 Y=-89.999992 R=0.000000 Scale X=1.000 Y=1.000 Z=1.000,Essential=true
BuildingPowerStation_C,Translation: X=6150.000 Y=3750.000 Z=0.000 Rotation: P=0.000000 Y=-89.999992 R=0.000000 Scale X=1.000 Y=1.000 Z=1.000,Essential=true
BuildingTeleportPad_C,Translation: X=6150.000 Y=3150.000 Z=0.000 Rotation: P=0.000000 Y=-89.999992 R=0.000000 Scale X=1.000 Y=1.000 Z=1.000,Essential=true
BuildingSupportStation_C,Translation: X=5250.000 Y=2850.000 Z=0.000 Rotation: P=0.000000 Y=-179.999954 R=0.000000 Scale X=1.000 Y=1.000 Z=1.000,Essential=true
BuildingDocks_C,Translation: X=5250.000 Y=3750.000 Z=0.000 Rotation: P=0.000000 Y=89.999954 R=0.000000 Scale X=1.000 Y=1.000 Z=1.000,Essential=true
}
landslidefrequency{
}
lavaspread{
}
miners{
ID=0,Translation: X=3626.314 Y=3206.896 Z=52.150 Rotation: P=0.000000 Y=58.505470 R=0.000000 Scale X=1.000 Y=1.000 Z=1.000,Drill/JobSailor/JobDriver/JobPilot/,Essential=true
ID=1,Translation: X=2167.460 Y=3155.491 Z=52.150 Rotation: P=0.000000 Y=-177.480087 R=0.000000 Scale X=1.000 Y=1.000 Z=1.000,Drill/JobPilot/,Essential=true
}
briefing{
We have sufficient Energy Crystals to get back home, but for some reason we can't get a lock on the last few miners. There's some kind of mysterious energy field interfering with our teleporter systems.

We need you to go and retrieve them and find out what is going on. The miners are stranded across an underground river with limited transport options available.
}
briefingsuccess{
You managed to retrieve all the missing miners despite the transport challenges. That mysterious energy signature is still concerning though. Mission complete.

Password fragment: D
}
briefingfailure{
You didn't manage to retrieve all the stranded miners. We can't leave without them! Mission failed.
}
vehicles{
VehicleRapidRider_C,Translation: X=4038.028 Y=3471.300 Z=-0.014 Rotation: P=0.000007 Y=-90.000793 R=-0.019684 Scale X=1.000 Y=1.000 Z=1.000,ID=1
VehicleCargoCarrier_C,Translation: X=4894.541 Y=3277.534 Z=0.506 Rotation: P=0.477471 Y=-90.001030 R=0.000104 Scale X=1.000 Y=1.000 Z=1.000,ID=2
}
creatures{
}
blocks{
}
script{
miner alice=0
miner bob=1
timer checkPositionTimer=0,1,1,checkPositionChain1

init::;
disable:miners;
disable:buildings;

checkPositionChain1::;
((bob.col>16))checkPositionChain2;

checkPositionChain2::;
((alice.col>16))win;

if(time:15)[msg:"A strange field seems to eminate from those pyramids, lets get everyone back to base"]
}
