comments{
}
info{
rowcount:22
colcount:32
camerapos:Translation: X=4800.000 Y=4800.000 Z=0.000 Rotation: P=44.999958 Y=-89.999992 R=-0.000002 Scale X=1.000 Y=1.000 Z=1.000
biome:lava
creator:pepijn
spiderrate:10
spidermin:2
spidermax:4
version:2023-08-14-1
opencaves:4,15/11,15/
initialore:40
levelname:Extended Exploration
}
tiles{
38,38,38,38,38,38,38,38,38,38,38,38,38,38,38,38,38,38,38,38,38,38,38,38,38,38,38,38,38,38,38,38,
38,38,38,38,38,38,38,38,38,38,38,38,38,38,38,38,38,38,38,38,38,38,38,38,38,38,38,38,38,38,38,38,
38,38,38,38,38,38,38,38,38,38,38,38,38,38,38,38,38,38,38,38,38,30,30,30,30,30,30,30,38,38,38,38,
38,38,38,38,38,38,38,101,101,101,101,38,38,6,6,6,6,6,6,38,38,30,30,30,30,30,30,30,38,38,38,38,
38,38,38,38,38,38,38,101,50,50,101,38,38,6,6,6,6,6,6,38,38,30,30,30,30,30,30,30,42,38,38,38,
38,38,38,38,38,38,38,101,50,50,101,38,38,6,6,6,6,6,6,38,38,101,101,101,101,101,30,30,38,38,38,38,
38,38,38,38,38,38,38,101,101,101,101,38,38,6,6,6,6,6,6,38,38,114,114,101,101,101,30,30,42,38,38,38,
38,38,38,38,38,38,38,38,38,38,101,38,38,30,30,30,30,30,30,38,38,101,101,101,101,101,30,30,38,38,38,38,
38,38,38,38,38,38,38,38,38,38,26,38,38,30,30,30,30,30,30,38,38,30,30,38,38,38,38,38,38,38,38,38,
38,38,38,38,38,38,38,38,38,11,11,11,11,1,1,1,1,1,1,11,11,11,11,38,38,38,38,38,38,38,38,38,
38,38,38,38,38,38,38,38,38,11,11,11,11,14,14,1,1,1,1,11,11,11,11,38,38,38,38,38,38,38,38,38,
38,38,38,38,38,38,38,38,38,11,11,11,11,14,14,1,1,1,1,11,11,11,11,42,38,38,38,38,38,38,38,38,
38,38,38,38,38,38,38,38,38,11,11,11,11,14,1,1,1,1,1,11,11,11,11,38,38,38,38,38,38,38,38,38,
38,38,38,38,38,38,38,38,38,11,11,11,11,1,1,1,1,1,1,11,11,11,11,38,38,38,38,38,38,38,38,38,
38,38,38,38,38,38,38,38,38,38,38,38,38,30,30,30,30,30,30,38,38,38,38,38,38,38,38,38,38,38,38,38,
38,38,38,38,38,38,38,38,38,38,38,38,38,30,30,30,30,30,30,38,38,38,38,38,38,38,38,38,38,38,38,38,
38,38,38,38,38,38,38,38,38,38,38,38,38,30,30,30,30,30,30,38,38,38,38,38,38,38,38,38,38,38,38,38,
38,38,38,38,38,38,38,38,38,38,38,38,38,38,38,38,38,38,38,38,38,38,38,38,38,38,38,38,38,38,38,38,
38,38,38,38,38,38,38,38,38,38,38,38,38,38,38,38,38,38,38,38,38,38,38,38,38,38,38,38,38,38,38,38,
38,38,38,38,38,38,38,38,38,38,38,38,38,38,38,38,38,38,38,38,38,38,38,38,38,38,38,38,38,38,38,38,
38,38,38,38,38,38,38,38,38,38,38,38,38,38,38,38,38,38,38,38,38,38,38,38,38,38,38,38,38,38,38,38,
38,38,38,38,38,38,38,38,38,38,38,38,38,38,38,38,38,38,38,38,38,38,38,38,38,38,38,38,38,38,38,38,
}
height{
0,0,0,0,0,0,0,0,0,0,0,0,0,0,0,0,0,0,0,0,0,0,0,0,0,0,0,0,0,0,0,0,0,
0,0,0,0,0,0,0,0,0,0,0,0,0,0,0,0,0,0,0,0,0,0,0,0,0,0,0,0,0,0,0,0,0,
0,0,0,0,0,0,0,0,0,0,0,0,0,0,0,0,0,0,0,0,0,0,0,0,0,0,0,0,0,0,0,0,0,
0,0,0,0,0,0,0,0,0,0,0,0,0,0,0,0,0,0,0,0,0,0,0,0,0,0,0,0,0,0,0,0,0,
0,0,0,0,0,0,0,0,0,0,0,0,0,0,0,0,0,0,0,0,0,0,0,0,0,0,0,0,0,0,0,0,0,
0,0,0,0,0,0,0,0,0,0,0,0,0,0,0,0,0,0,0,0,0,0,0,0,0,0,0,0,0,0,0,0,0,
0,0,0,0,0,0,0,0,0,0,0,0,0,0,0,0,0,0,0,0,0,0,0,0,0,0,0,0,0,0,0,0,0,
0,0,0,0,0,0,0,0,0,0,0,0,0,0,0,0,0,0,0,0,0,0,0,0,0,0,0,0,0,0,0,0,0,
0,0,0,0,0,0,0,0,0,0,0,0,0,0,0,0,0,0,0,0,0,0,0,0,0,0,0,0,0,0,0,0,0,
0,0,0,0,0,0,0,0,0,0,0,0,0,0,0,0,0,0,0,0,0,0,0,0,0,0,0,0,0,0,0,0,0,
0,0,0,0,0,0,0,0,0,0,0,0,0,0,0,0,0,0,0,0,0,0,0,0,0,0,0,0,0,0,0,0,0,
0,0,0,0,0,0,0,0,0,0,0,0,0,0,0,0,0,0,0,0,0,0,0,0,0,0,0,0,0,0,0,0,0,
0,0,0,0,0,0,0,0,0,0,0,0,0,0,0,0,0,0,0,0,0,0,0,0,0,0,0,0,0,0,0,0,0,
0,0,0,0,0,0,0,0,0,0,0,0,0,0,0,0,0,0,0,0,0,0,0,0,0,0,0,0,0,0,0,0,0,
0,0,0,0,0,0,0,0,0,60,60,60,60,60,60,60,60,60,60,60,60,60,60,60,0,0,0,0,0,0,0,0,0,
0,0,0,0,0,0,0,0,0,60,60,60,60,60,60,60,60,60,60,60,60,60,60,60,0,0,0,0,0,0,0,0,0,
0,0,0,0,0,0,0,0,0,60,60,60,60,60,60,60,60,60,60,60,60,60,60,60,0,0,0,0,0,0,0,0,0,
0,0,0,0,0,0,0,0,0,60,60,60,60,60,60,60,60,60,60,60,60,60,60,60,0,0,0,0,0,0,0,0,0,
0,0,0,0,0,0,0,0,0,60,60,60,60,60,60,60,60,60,60,60,60,60,60,60,0,0,0,0,0,0,0,0,0,
0,0,0,0,0,0,0,0,0,60,60,60,60,60,60,60,60,60,60,60,60,60,60,60,0,0,0,0,0,0,0,0,0,
0,0,0,0,0,0,0,0,0,0,0,0,0,0,0,0,0,0,0,0,0,0,0,0,0,0,0,0,0,0,0,0,0,
0,0,0,0,0,0,0,0,0,0,0,0,0,0,0,0,0,0,0,0,0,0,0,0,0,0,0,0,0,0,0,0,0,
0,0,0,0,0,0,0,0,0,0,0,0,0,0,0,0,0,0,0,0,0,0,0,0,0,0,0,0,0,0,0,0,0,
}
resources{
crystals:
0,0,0,0,0,0,0,0,0,0,0,0,0,0,0,0,0,0,0,0,0,0,0,0,0,0,0,0,0,0,0,0,
0,0,0,0,0,0,0,0,0,0,0,0,0,0,0,0,0,0,0,0,0,0,0,0,0,0,0,0,0,0,0,0,
0,0,0,0,0,0,0,0,0,0,0,0,0,0,0,0,0,0,0,0,0,1,1,0,0,1,0,0,0,0,0,0,
0,0,0,0,0,0,0,0,0,0,0,0,0,0,0,0,0,0,0,0,0,0,1,0,1,0,1,0,0,0,0,0,
0,0,0,0,0,0,0,0,0,0,0,0,0,0,0,0,0,0,0,0,0,0,0,0,0,0,0,1,0,0,0,0,
0,0,0,0,0,0,0,0,0,0,0,0,0,0,0,0,0,0,0,0,0,0,0,0,0,0,0,1,0,0,0,0,
0,0,0,0,0,0,0,0,0,0,0,0,0,0,0,0,0,0,0,0,0,0,0,0,0,0,0,0,0,0,0,0,
0,0,0,0,0,0,0,0,0,0,0,0,0,0,0,0,0,0,0,0,0,0,0,0,0,0,0,1,0,0,0,0,
0,0,0,0,0,0,0,0,0,0,0,0,0,0,0,0,0,0,0,0,0,0,0,0,0,0,0,0,0,0,0,0,
0,0,0,0,0,0,0,0,0,0,0,0,0,0,0,0,0,0,0,0,0,0,0,0,0,0,0,0,0,0,0,0,
0,0,0,0,0,0,0,0,0,0,0,0,0,0,0,0,0,0,0,0,0,0,0,0,0,0,0,0,0,0,0,0,
0,0,0,0,0,0,0,0,0,0,0,0,0,0,0,0,0,0,0,0,0,0,0,0,0,0,0,0,0,0,0,0,
0,0,0,0,0,0,0,0,0,0,0,0,0,0,0,0,0,0,0,0,0,0,0,0,0,0,0,0,0,0,0,0,
0,0,0,0,0,0,0,0,0,0,0,0,0,0,0,0,0,0,0,0,0,0,0,0,0,0,0,0,0,0,0,0,
0,0,0,0,0,0,0,0,0,0,0,0,0,1,0,0,1,0,0,0,0,0,0,0,0,0,0,0,0,0,0,0,
0,0,0,0,0,0,0,0,0,0,0,0,0,0,1,0,0,1,0,0,0,0,0,0,0,0,0,0,0,0,0,0,
0,0,0,0,0,0,0,0,0,0,0,0,0,0,0,1,1,0,1,0,0,0,0,0,0,0,0,0,0,0,0,0,
0,0,0,0,0,0,0,0,0,0,0,0,0,0,0,0,0,0,0,0,0,0,0,0,0,0,0,0,0,0,0,0,
0,0,0,0,0,0,0,0,0,0,0,0,0,0,0,0,0,0,0,0,0,0,0,0,0,0,0,0,0,0,0,0,
0,0,0,0,0,0,0,0,0,0,0,0,0,0,0,0,0,0,0,0,0,0,0,0,0,0,0,0,0,0,0,0,
0,0,0,0,0,0,0,0,0,0,0,0,0,0,0,0,0,0,0,0,0,0,0,0,0,0,0,0,0,0,0,0,
0,0,0,0,0,0,0,0,0,0,0,0,0,0,0,0,0,0,0,0,0,0,0,0,0,0,0,0,0,0,0,0,
ore:
0,0,0,0,0,0,0,0,0,0,0,0,0,0,0,0,0,0,0,0,0,0,0,0,0,0,0,0,0,0,0,0,
0,0,0,0,0,0,0,0,0,0,0,0,0,0,0,0,0,0,0,0,0,0,0,0,0,0,0,0,0,0,0,0,
0,0,0,0,0,0,0,0,0,0,0,0,0,0,0,0,0,0,0,0,0,0,0,0,0,0,0,0,0,0,0,0,
0,0,0,0,0,0,0,0,0,0,0,0,0,0,0,0,0,0,0,0,0,0,0,0,0,0,0,0,0,0,0,0,
0,0,0,0,0,0,0,0,0,0,0,0,0,0,0,0,0,0,0,0,0,0,0,0,0,0,0,0,0,0,0,0,
0,0,0,0,0,0,0,0,0,0,0,0,0,0,0,0,0,0,0,0,0,0,0,0,0,0,0,0,0,0,0,0,
0,0,0,0,0,0,0,0,0,0,0,0,0,0,0,0,0,0,0,0,0,0,0,0,0,0,0,0,0,0,0,0,
0,0,0,0,0,0,0,0,0,0,0,0,0,0,0,0,0,0,0,0,0,0,0,0,0,0,0,0,0,0,0,0,
0,0,0,0,0,0,0,0,0,0,0,0,0,0,0,0,0,0,0,0,0,0,0,0,0,0,0,0,0,0,0,0,
0,0,0,0,0,0,0,0,0,0,0,0,0,0,0,0,0,0,0,0,0,0,0,0,0,0,0,0,0,0,0,0,
0,0,0,0,0,0,0,0,0,0,0,0,0,0,0,0,0,0,0,0,0,0,0,0,0,0,0,0,0,0,0,0,
0,0,0,0,0,0,0,0,0,0,0,0,0,0,0,0,0,0,0,0,0,0,0,0,0,0,0,0,0,0,0,0,
0,0,0,0,0,0,0,0,0,0,0,0,0,0,0,0,0,0,0,0,0,0,0,0,0,0,0,0,0,0,0,0,
0,0,0,0,0,0,0,0,0,0,0,0,0,0,0,0,0,0,0,0,0,0,0,0,0,0,0,0,0,0,0,0,
0,0,0,0,0,0,0,0,0,0,0,0,0,0,0,0,0,0,0,0,0,0,0,0,0,0,0,0,0,0,0,0,
0,0,0,0,0,0,0,0,0,0,0,0,0,0,0,0,0,0,0,0,0,0,0,0,0,0,0,0,0,0,0,0,
0,0,0,0,0,0,0,0,0,0,0,0,0,0,0,0,0,0,0,0,0,0,0,0,0,0,0,0,0,0,0,0,
0,0,0,0,0,0,0,0,0,0,0,0,0,0,0,0,0,0,0,0,0,0,0,0,0,0,0,0,0,0,0,0,
0,0,0,0,0,0,0,0,0,0,0,0,0,0,0,0,0,0,0,0,0,0,0,0,0,0,0,0,0,0,0,0,
0,0,0,0,0,0,0,0,0,0,0,0,0,0,0,0,0,0,0,0,0,0,0,0,0,0,0,0,0,0,0,0,
0,0,0,0,0,0,0,0,0,0,0,0,0,0,0,0,0,0,0,0,0,0,0,0,0,0,0,0,0,0,0,0,
0,0,0,0,0,0,0,0,0,0,0,0,0,0,0,0,0,0,0,0,0,0,0,0,0,0,0,0,0,0,0,0,
}
objectives{
findbuilding:6,22
resources: 30,0,0
}
buildings{
BuildingToolStore_C,Translation: X=6750.000 Y=1950.000 Z=0.000 Rotation: P=0.000000 Y=-89.999992 R=0.000000 Scale X=1.000 Y=1.000 Z=1.000
BuildingPowerStation_C,Translation: X=4050.000 Y=3450.000 Z=0.000 Rotation: P=0.000000 Y=90.000053 R=0.000000 Scale X=1.000 Y=1.000 Z=1.000
BuildingDocks_C,Translation: X=4050.000 Y=3150.000 Z=0.000 Rotation: P=0.000000 Y=89.999954 R=0.000000 Scale X=1.000 Y=1.000 Z=1.000
}
landslidefrequency{
}
lavaspread{
0.1/5.0:14,8/15,8/16,8/15,13/16,13/17,13/18,13/13,7/14,7/15,7/16,7/17,7/18,7/13,8/17,8/18,8/13,9/14,9/15,9/16,9/17,9/18,9/13,10/14,10/15,10/16,10/17,10/18,10/13,11/14,11/15,11/16,11/17,11/18,11/13,12/14,12/15,12/16,12/17,12/18,12/13,13/14,13/19,2/20,2/21,2/22,2/23,2/24,2/25,2/26,2/27,2/19,3/20,3/21,3/22,3/23,3/24,3/25,3/22,5/23,5/24,5/25,5/26,5/27,5/19,6/20,6/21,6/22,6/23,6/24,6/25,6/26,6/27,6/19,7/20,7/21,7/22,7/23,7/24,7/25,7/26,7/27,7/19,8/20,8/21,8/22,8/23,8/24,8/25,8/26,8/27,8/21,4/22,4/23,4/24,4/25,4/26,4/27,4/19,5/20,5/21,5/26,3/27,3/19,4/20,4/
}
miners{
ID=2,Translation: X=4680.938 Y=3472.555 Z=53.150 Rotation: P=0.000000 Y=41.458736 R=0.000000 Scale X=1.000 Y=1.000 Z=1.000,Drill/
ID=1,Translation: X=4712.197 Y=3435.320 Z=53.150 Rotation: P=0.000000 Y=34.273560 R=0.000000 Scale X=1.000 Y=1.000 Z=1.000,Drill/
ID=0,Translation: X=4641.411 Y=3486.739 Z=53.150 Rotation: P=0.000000 Y=44.731205 R=0.000000 Scale X=1.000 Y=1.000 Z=1.000,Drill/
ID=4,Translation: X=4689.413 Y=3522.350 Z=53.150 Rotation: P=0.000000 Y=-101.269600 R=0.000000 Scale X=1.000 Y=1.000 Z=1.000,Drill/
ID=3,Translation: X=4676.484 Y=3490.904 Z=53.150 Rotation: P=0.000000 Y=166.111755 R=0.000000 Scale X=1.000 Y=1.000 Z=1.000,Drill/
}
briefing{
We've lost a Tool Store near a high pressure lava pocket and another one of those mysterious energy signatures. Our teleporters are still experiencing interference in that area, so teleport options are slightly limited.

We can't afford to leave our equipment behind, and we need to get to the bottom of these signatures. While you recover the lost Tool Store and investigate, try to collect some Energy Crystals, and be prepared for the lava.
}
briefingsuccess{
Tool Store recovered and investigation complete. Those energy signatures are definitely not natural. Good work! Mission complete.

Password fragment: I
}
briefingfailure{
The Tool Store wasn't recovered and we still don't know what's causing the teleporter interference. Mission failed.
}
vehicles{
}
creatures{
CreatureLavaMonster_C
Translation: X=2230.380 Y=1523.619 Z=137.150 Rotation: P=0.000000 Y=107.455040 R=0.000000 Scale X=1.000 Y=1.000 Z=1.000
ID=0
CreatureLavaMonster_C
Translation: X=2803.181 Y=1011.507 Z=137.150 Rotation: P=0.000000 Y=-115.386261 R=0.000000 Scale X=1.000 Y=1.000 Z=1.000
ID=1
CreatureLavaMonster_C
Translation: X=3168.585 Y=1689.824 Z=137.150 Rotation: P=0.000000 Y=42.689518 R=0.000000 Scale X=1.000 Y=1.000 Z=1.000
ID=2
CreatureLavaMonster_C
Translation: X=2530.517 Y=2036.357 Z=137.150 Rotation: P=0.000000 Y=-147.357513 R=0.000000 Scale X=1.000 Y=1.000 Z=1.000
ID=3
}
blocks{
2/EventUnitFlee:2,8,true
5/EventCallEvent:8,10,0.0,msg:"It's some kind of monster congreation!"
4/TriggerEnter:5,10,0.0,_,false,false,LavaMonster_C
7/TriggerEnter:5,7,0.0,_,false,false,LavaMonster_C
8/TriggerEnter:3,9,0.0,_,false,false,LavaMonster_C
9/TriggerEnter:6,8,0.0,_,false,false,LavaMonster_C
3/TriggerChange:8,10,0.0
4-2
7-2
8-2
9-2
3-5
}
script{

init::disable:toolstore;
}
